STARLINK-1007           
1 44713U 19074A   23336.18595267  .00035922  00000+0  24161-2 0  9996
2 44713  53.0546 305.9183 0001491  81.9204 278.1954 15.06432257223875
STARLINK-1008           
1 44714U 19074B   23336.29745968  .00033871  00000+0  22792-2 0  9993
2 44714  53.0554 305.4201 0001176  94.9090 265.2034 15.06443842223898
STARLINK-1009           
1 44715U 19074C   23336.15371406  .00023009  00000+0  15569-2 0  9997
2 44715  53.0552 306.0624 0001512 109.5805 250.5347 15.06438315223864
STARLINK-1010           
1 44716U 19074D   23336.30484169  .00040135  00000+0  26937-2 0  9996
2 44716  53.0547 305.3893 0001351  93.4334 266.6810 15.06459236223877
STARLINK-1011           
1 44717U 19074E   23336.23665711  .00032788  00000+0  22076-2 0  9998
2 44717  53.0549 325.6898 0001459  91.9198 268.1958 15.06438095223601
STARLINK-1012           
1 44718U 19074F   23336.14266422  .00034580  00000+0  23262-2 0  9995
2 44718  53.0545 306.1152 0001289  85.6652 274.4485 15.06444930223869
STARLINK-1013           
1 44719U 19074G   23336.21637440  .00035872  00000+0  24116-2 0  9990
2 44719  53.0546 305.7865 0001345 100.7323 259.3817 15.06450366225003
STARLINK-1014           
1 44720U 19074H   23336.30021138  .00048232  00000+0  32299-2 0  9998
2 44720  53.0545 305.3972 0001384  86.9787 273.1360 15.06456931223897
STARLINK-1015           
1 44721U 19074J   23336.29009168  .00043355  00000+0  29074-2 0  9994
2 44721  53.0552 305.4503 0000991  91.8325 268.2778 15.06454680223889
STARLINK-1017           
1 44723U 19074L   23336.30853145  .00038415  00000+0  25802-2 0  9996
2 44723  53.0552 305.3677 0001395  80.6736 279.4411 15.06452180223895
STARLINK-1019           
1 44724U 19074M   23336.13897238  .00024537  00000+0  16586-2 0  9998
2 44724  53.0556 306.1306 0001411 117.2378 242.8755 15.06440434223867
STARLINK-1020           
1 44725U 19074N   23336.21084672  .00034022  00000+0  22894-2 0  9997
2 44725  53.0558 325.8112 0001270  97.2106 262.9027 15.06440966223597
STARLINK-1021           
1 44726U 19074P   23336.13527737  .00001312  00000+0  10693-3 0  9994
2 44726  53.0558 306.1432 0002008  52.3922 307.7249 15.06407522223868
STARLINK-1024           
1 44729U 19074S   23336.83307539  .00054822  00000+0  62828-3 0  9991
2 44729  53.0132 204.9660 0003254  45.3956 314.7321 15.61582450225462
STARLINK-1027           
1 44732U 19074V   23336.26614312  .00033326  00000+0  22430-2 0  9992
2 44732  53.0559 325.5677 0001570  99.8699 260.2467 15.06443939223601
STARLINK-1028           
1 44733U 19074W   23336.19791871 -.00006696  00000+0 -43025-3 0  9997
2 44733  53.0561 305.8609 0001600 124.6991 235.4149 15.06467159223877
STARLINK-1029           
1 44734U 19074X   23336.08001306  .00047471  00000+0  31820-2 0  9996
2 44734  53.0534 226.3925 0001682 134.3920 225.7206 15.06428392224958
STARLINK-1030           
1 44735U 19074Y   23336.80430531 -.00006888  00000+0 -44412-3 0  9994
2 44735  53.0552 323.1448 0001448 132.5139 227.5973 15.06387485223853
STARLINK-1031           
1 44736U 19074Z   23336.28824848  .00035487  00000+0  23862-2 0  9995
2 44736  53.0546 325.4610 0001378  88.9916 271.1231 15.06448305223617
STARLINK-1032           
1 44737U 19074AA  23336.29928915  .00082923  00000+0  55039-2 0  9995
2 44737  53.0561 325.4116 0002037  45.5297 314.5858 15.06513559223611
STARLINK-1035           
1 44740U 19074AD  23336.29562222  .00035819  00000+0  24081-2 0  9999
2 44740  53.0557 325.4270 0001415  89.5251 270.5900 15.06450357223613
STARLINK-1036           
1 44741U 19074AE  23336.24033731  .00025124  00000+0  16978-2 0  9997
2 44741  53.0559 325.6787 0001549  80.1826 279.9338 15.06438204223608
STARLINK-1038           
1 44743U 19074AG  23336.35643692  .00035849  00000+0  24097-2 0  9990
2 44743  53.0547 345.1488 0001252 101.0204 259.0925 15.06456155223433
STARLINK-1039           
1 44744U 19074AH  23336.30115296  .00031700  00000+0  21347-2 0  9997
2 44744  53.0552 345.3981 0001507  84.9789 275.1372 15.06448652223337
STARLINK-1041           
1 44746U 19074AK  23336.28640664  .00034867  00000+0  23451-2 0  9993
2 44746  53.0551 345.4662 0001476  91.2685 268.8474 15.06447854223331
STARLINK-1042           
1 44747U 19074AL  23336.31589734  .00033361  00000+0  22444-2 0  9997
2 44747  53.0561 345.3325 0001416 101.2943 258.8205 15.06458567223515
STARLINK-1043           
1 44748U 19074AM  23336.80983276  .00007699  00000+0  53524-3 0  9990
2 44748  53.0559 343.1186 0001575 109.2891 250.8268 15.06396699223585
STARLINK-1046           
1 44751U 19074AQ  23336.29378137  .00028062  00000+0  18932-2 0  9991
2 44751  53.0549 345.4308 0001475  84.1840 275.9317 15.06440856223334
STARLINK-1047           
1 44752U 19074AR  23336.24771983  .00031709  00000+0  21359-2 0  9992
2 44752  53.0545 325.6421 0001491 114.0812 246.0333 15.06438124223609
STARLINK-1048           
1 44753U 19074AS  23336.31958290  .00038368  00000+0  25767-2 0  9994
2 44753  53.0543 305.3171 0001505 119.9202 240.1937 15.06457195223893
STARLINK-1052           
1 44757U 19074AW  23336.29050802  .00049920  00000+0  29237-2 0  9999
2 44757  53.0561 323.7036 0002349  21.0228 339.0859 15.11346667223639
STARLINK-1053           
1 44758U 19074AX  23336.34170873  .00039016  00000+0  26198-2 0  9995
2 44758  53.0550 345.3053 0001349  91.4290 268.6853 15.06456159223347
STARLINK-1054           
1 44759U 19074AY  23336.58864631  .00015744  00000+0  10723-2 0  9993
2 44759  53.0552 344.1063 0001437  66.1768 293.9371 15.06439946223559
STARLINK-1055           
1 44760U 19074AZ  23336.28942499  .00027374  00000+0  11799-2 0  9997
2 44760  53.0378 322.8781 0002699  29.6247 330.4901 15.22388751223667
STARLINK-1056           
1 44761U 19074BA  23336.25323120  .00036074  00000+0  24251-2 0  9993
2 44761  53.0557 345.6165 0001440  94.8416 265.2737 15.06449396223332
STARLINK-1057           
1 44762U 19074BB  23336.58680916 -.00008120  00000+0 -52705-3 0  9998
2 44762  53.0573 324.1130 0001588  79.6132 280.5036 15.06386204223828
STARLINK-1058           
1 44763U 19074BC  23336.30856227  .00043765  00000+0  29342-2 0  9991
2 44763  53.0559 345.7134 0001578  98.9719 261.1448 15.06458558223330
STARLINK-1059           
1 44764U 19074BD  23336.25006169  .00043164  00000+0  16325-2 0  9998
2 44764  53.0817 287.7634 0003377 315.7094  44.3633 15.26557072224154
STARLINK-1060           
1 44765U 19074BE  23336.26983038  .00018810  00000+0  12777-2 0  9996
2 44765  53.0560 325.5441 0001487 100.2670 259.8486 15.06418466223603
STARLINK-1061           
1 44766U 19074BF  23336.26798546  .00047654  00000+0  31923-2 0  9997
2 44766  53.0551 345.5501 0001532 100.2845 259.8317 15.06449002223331
STARLINK-1062           
1 44767U 19074BG  23336.25966701  .00021446  00000+0  14531-2 0  9994
2 44767  53.0551 345.5707 0001346 103.7674 256.3465 15.06430612223334
STARLINK-1063           
1 44768U 19074BH  23336.54810894  .00015238  00000+0  10388-2 0  9996
2 44768  53.0558 344.2929 0001482  88.2996 271.8163 15.06430080223548
STARLINK-1067           
1 44771U 19074BL  23336.33801203  .00036238  00000+0  24358-2 0  9996
2 44771  53.0554 345.2383 0001376  95.0742 265.0404 15.06451658223345
STARLINK-1068           
1 44772U 19074BM  23336.26245455  .00035556  00000+0  23907-2 0  9991
2 44772  53.0554 325.5750 0001422  84.7218 275.3934 15.06449119223600
STARLINK-1073           
1 44914U 20001A   23336.61075758  .00002594  00000+0  19294-3 0  9998
2 44914  53.0555 104.0085 0001476  91.0084 269.1074 15.06411896215036
STARLINK-1084           
1 44915U 20001B   23336.57389490 -.00001460  00000+0 -79095-4 0  9994
2 44915  53.0543 104.1722 0001473 105.1758 254.9394 15.06413326215032
STARLINK-1098           
1 44917U 20001D   23336.57758740 -.00000117  00000+0  11053-4 0  9991
2 44917  53.0539 104.1573 0001270  99.0166 261.0966 15.06402978215037
STARLINK-1099           
1 44918U 20001E   23336.59791051  .00034409  00000+0  72536-3 0  9998
2 44918  53.0579  96.4263 0002386   2.3067 357.7949 15.44942253215881
STARLINK-1102           
1 44920U 20001G   23336.57478622  .00014394  00000+0  57201-3 0  9998
2 44920  53.0503  74.5662 0003362  94.7063 265.4318 15.25561388215450
STARLINK-1103           
1 44921U 20001H   23336.62089532  .00009161  00000+0  63300-3 0  9996
2 44921  53.0545 103.9179 0001176  75.4563 284.6556 15.06406611215014
STARLINK-1104           
1 44922U 20001J   23336.59234979  .00004243  00000+0  30351-3 0  9996
2 44922  53.0556 104.0934 0001475 101.9894 258.1260 15.06407125215033
STARLINK-1106           
1 44923U 20001K   23336.60408119  .00016245  00000+0  72397-3 0  9999
2 44923  53.0604  84.3962 0000403 347.7958  12.3028 15.21580572215318
STARLINK-1111           
1 44924U 20001L   23336.60707335  .00017330  00000+0  11786-2 0  9992
2 44924  53.0553 104.0466 0001360  97.8921 262.2223 15.06426011215039
STARLINK-1112           
1 44925U 20001M   23336.55548255  .00006352  00000+0  44461-3 0  9990
2 44925  53.0546 104.2544 0001168  82.3101 277.8020 15.06429686215023
STARLINK-1113           
1 44926U 20001N   23336.68448733  .00003404  00000+0  24720-3 0  9996
2 44926  53.0545 103.7670 0001455  84.0795 276.0360 15.06413691215728
STARLINK-1114           
1 44927U 20001P   23336.63289290  .00001069  00000+0  90640-4 0  9993
2 44927  53.0566 103.9155 0001477  87.2460 272.8698 15.06400049215046
STARLINK-1119           
1 44928U 20001Q   23336.63656723 -.00001306  00000+0 -30119-4 0  9994
2 44928  53.0540  96.9523 0001247  83.5392 276.5750 15.31875179215135
STARLINK-1121           
1 44929U 20001R   23336.56436584 -.00001740  00000+0 -66328-5 0  9992
2 44929  53.0480  90.1305 0001034 122.0848 238.0272 15.76732681215223
STARLINK-1123           
1 44930U 20001S   23336.58127025  .00006361  00000+0  44524-3 0  9997
2 44930  53.0544 104.1445 0001227  88.9464 271.1666 15.06423982215033
STARLINK-1128           
1 44931U 20001T   23336.50850578  .00047750  00000+0  24581-2 0  9993
2 44931  53.0538  80.2564 0002882 223.4673 136.6093 15.15971201216110
STARLINK-1130 (DARKSAT) 
1 44932U 20001U   23336.57021024  .00004752  00000+0  33757-3 0  9998
2 44932  53.0545 104.1921 0001396  52.1058 308.0057 15.06417085216261
STARLINK-1144           
1 44933U 20001V   23336.59601448  .00004971  00000+0  35222-3 0  9997
2 44933  53.0542 104.0752 0001284  89.2793 270.8343 15.06418841216325
STARLINK-1071           
1 44934U 20001W   23336.54257253  .00001981  00000+0  15185-3 0  9998
2 44934  53.0544  84.3186 0001330  80.7109 279.4031 15.06402147215306
STARLINK-1079           
1 44937U 20001Z   23336.58679112  .00016337  00000+0  11122-2 0  9994
2 44937  53.0555  84.1158 0001327 110.9166 249.1965 15.06429934215317
STARLINK-1082           
1 44938U 20001AA  23336.61997058  .00017264  00000+0  11730-2 0  9996
2 44938  53.0540  83.9685 0001227  77.8287 282.2840 15.06465629215319
STARLINK-1083           
1 44939U 20001AB  23336.56098855  .00008027  00000+0  55675-3 0  9992
2 44939  53.0549  84.2320 0001482 103.2449 256.8705 15.06426160215309
STARLINK-1091           
1 44940U 20001AC  23336.57206993 -.00005523  00000+0 -35234-3 0  9998
2 44940  53.0554  84.1820 0001376  94.9455 265.1691 15.06379137215304
STARLINK-1094           
1 44941U 20001AD  23336.59419466 -.00003144  00000+0 -19231-3 0  9998
2 44941  53.0563  84.0947 0002654  46.4527 313.6682 15.06384869215314
STARLINK-1096           
1 44942U 20001AE  23336.46175214  .00027444  00000+0  11069-2 0  9992
2 44942  53.0192  46.0948 0003047  30.0161 330.1010 15.24631972215849
STARLINK-1100           
1 44943U 20001AF  23336.55730944  .00011626  00000+0  79768-3 0  9996
2 44943  53.0551  84.2535 0001366 103.2706 256.8435 15.06420862215305
STARLINK-1108           
1 44944U 20001AG  23336.60524982 -.00003780  00000+0 -23519-3 0  9993
2 44944  53.0558  84.0327 0001648  98.6732 261.4444 15.06374386215311
STARLINK-1109           
1 44945U 20001AH  23336.56838437 -.00007057  00000+0 -45568-3 0  9991
2 44945  53.0554  84.1978 0001627  70.3899 289.7265 15.06371247215305
STARLINK-1110           
1 44946U 20001AJ  23336.24131563  .00138379  00000+0  17169-2 0  9998
2 44946  53.0144 334.7644 0001960  71.1555 288.9669 15.59087541216762
STARLINK-1122           
1 44949U 20001AM  23336.61628628  .00017022  00000+0  11580-2 0  9997
2 44949  53.0548  83.9849 0001285  84.8989 275.2146 15.06428330215311
STARLINK-1126           
1 44951U 20001AP  23336.27234680  .00158796  00000+0  20388-2 0  9993
2 44951  53.0164 331.9978 0001459 276.7837  83.3008 15.58099772218098
STARLINK-1117           
1 44952U 20001AQ  23336.53150926 -.00001817  00000+0 -10310-3 0  9991
2 44952  53.0561  84.3700 0001469 108.0962 252.0188 15.06401533215309
STARLINK-1124           
1 44953U 20001AR  23336.91667824  .00160210  00000+0  73066-3 0  9992
2 44953  53.0463  35.2068 0004465  33.2009 277.8775 15.82819734217302
STARLINK-1066           
1 44954U 20001AS  23336.56285809 -.00001929  00000+0 -11074-3 0  9997
2 44954  53.0551  64.2239 0001468  87.8303 272.2854 15.06377360215535
STARLINK-1069           
1 44955U 20001AT  23336.58334491  .00394826  69625-4  12562-2 0  9996
2 44955  53.0376  16.9048 0002969  50.0123 306.9234 15.90643970  5903
STARLINK-1070           
1 44956U 20001AU  23336.58334491  .00349172  55937-4  11720-2 0  9997
2 44956  53.0384 349.7519 0007885  59.4484 329.1733 15.89563647  6012
STARLINK-1076           
1 44959U 20001AX  23336.54071894  .00017314  00000+0  11769-2 0  9990
2 44959  53.0548  64.3190 0001420 100.4510 259.6639 15.06447214215584
STARLINK-1080           
1 44961U 20001AZ  23336.74714497 -.00005857  00000+0 -37478-3 0  9995
2 44961  53.0543  63.3946 0001495 112.5767 247.5381 15.06383342215626
STARLINK-1086           
1 44964U 20001BC  23336.49715900 -.00006498  00000+0 -35768-4 0  9993
2 44964  53.0483  19.3627 0001211  73.5622 286.5531 15.76703752216215
STARLINK-1088           
1 44966U 20001BE  23336.48650422  .00023183  00000+0  10188-2 0  9996
2 44966  53.0623  44.5295 0002951  83.3366 276.7965 15.21822128215861
STARLINK-1089           
1 44967U 20001BF  23336.55549294 -.00024605  00000+0 -16401-2 0  9995
2 44967  53.0547  64.2519 0001745  90.7178 269.4011 15.06365808215599
STARLINK-1090           
1 44968U 20001BG  23336.48543737 -.00012633  00000+0 -83127-3 0  9992
2 44968  53.0557  64.5689 0001625  86.0928 274.0247 15.06374201215589
STARLINK-1092           
1 44969U 20001BH  23336.47807106  .00009666  00000+0  66677-3 0  9996
2 44969  53.0548  64.5987 0001352 103.5472 256.5668 15.06409723215576
STARLINK-1093           
1 44970U 20001BJ  23336.52228506  .00004582  00000+0  32605-3 0  9991
2 44970  53.0561  64.4043 0001761  63.9157 296.2013 15.06428573215577
STARLINK-1107           
1 44972U 20001BL  23336.55916921  .00001816  00000+0  14086-3 0  9991
2 44972  53.0576  64.2337 0001528 104.4986 255.6173 15.06386295215593
STARLINK-1115           
1 44973U 20001BM  23336.53703824  .00021720  00000+0  14710-2 0  9995
2 44973  53.0553  64.3402 0001643  95.2072 264.9104 15.06438522215581
STARLINK-1132           
1 45044U 20006A   23336.37854649  .00027734  00000+0  18707-2 0  9995
2 45044  53.0556  25.0538 0001442 107.2703 252.8444 15.06455034211890
STARLINK-1120           
1 45045U 20006B   23336.50202479  .00038900  00000+0  26117-2 0  9990
2 45045  53.0547  44.5404 0001431  94.4754 265.6398 15.06461639211630
STARLINK-1131           
1 45047U 20006D   23336.47803832  .00035555  00000+0  22864-2 0  9996
2 45047  53.0565  44.3628 0001499  79.2114 280.9044 15.08097355211633
STARLINK-1134           
1 45048U 20006E   23336.50938781  .00039717  00000+0  26650-2 0  9994
2 45048  53.0549  44.4686 0001384  93.4959 266.6188 15.06473510211638
STARLINK-1135           
1 45049U 20006F   23336.36951420  .00032041  00000+0  12006-2 0  9997
2 45049  53.0885 358.9903 0006193  95.3824 264.7881 15.26996313212286
STARLINK-1140           
1 45050U 20006G   23336.52044475  .00012454  00000+0  85254-3 0  9992
2 45050  53.0560  44.4134 0001398  69.1888 290.9251 15.06441583211971
STARLINK-1148           
1 45052U 20006J   23336.46145897  .00000635  00000+0  61462-4 0  9991
2 45052  53.0562  44.6829 0001612  85.1866 274.9307 15.06433290211623
STARLINK-1155           
1 45053U 20006K   23336.22783997 -.00017450  00000+0 -41766-3 0  9994
2 45053  52.9888 318.8704 0006890 100.0461 260.1320 15.40264702212746
STARLINK-1156           
1 45054U 20006L   23336.45779012  .00051363  00000+0  34359-2 0  9991
2 45054  53.0552  44.7021 0001303  84.6361 275.4777 15.06466464211626
STARLINK-1159           
1 45057U 20006P   23336.40620130  .00016127  00000+0  10991-2 0  9990
2 45057  53.0556  44.9240 0002231 129.8139 230.3047 15.06399462211627
STARLINK-1162           
1 45058U 20006Q   23336.46517127 -.00004267  00000+0 -26779-3 0  9994
2 45058  53.0568  44.6662 0001238  56.8395 303.2712 15.06394748211637
STARLINK-1165           
1 45059U 20006R   23336.48727144  .00018150  00000+0  12316-2 0  9994
2 45059  53.0550  44.5630 0001467  88.4873 271.6284 15.06478846211633
STARLINK-1166           
1 45060U 20006S   23336.48358441  .00044735  00000+0  29972-2 0  9990
2 45060  53.0550  44.5805 0001180  95.7909 264.3214 15.06473591211636
STARLINK-1169           
1 45061U 20006T   23336.42461243  .00053863  00000+0  36003-2 0  9995
2 45061  53.0554  44.8424 0001419  93.3749 266.7402 15.06473109211621
STARLINK-1171           
1 45062U 20006U   23336.47620899  .00004659  00000+0  33114-3 0  9995
2 45062  53.0564  44.6172 0001770  97.9958 262.1232 15.06438630211635
STARLINK-1133           
1 45064U 20006W   23336.42277892  .00033174  00000+0  22316-2 0  9998
2 45064  53.0549  24.8499 0001399  93.3101 266.8048 15.06465636211901
STARLINK-1139           
1 45065U 20006X   23336.52889711  .00032125  00000+0  15019-2 0  9996
2 45065  53.0581  14.3078 0002951 305.2547  54.8171 15.19519652212409
STARLINK-1145           
1 45066U 20006Y   23336.53335928  .00018133  00000+0  12319-2 0  9997
2 45066  53.0548  24.3585 0001430  84.2004 275.9148 15.06436250212251
STARLINK-1150           
1 45067U 20006Z   23336.41541379  .00029515  00000+0  19899-2 0  9990
2 45067  53.0550  24.8891 0001938 106.2614 253.8588 15.06440158211901
STARLINK-1161           
1 45068U 20006AA  23336.52135311 -.00000213  00000+0  46131-5 0  9995
2 45068  53.0565  24.2736 0001301  91.8324 268.2814 15.06390540211913
STARLINK-1167           
1 45071U 20006AD  23336.51492382  .00016601  00000+0  11296-2 0  9990
2 45071  53.0553  24.4398 0001678  75.2342 284.8832 15.06437357212253
STARLINK-1168           
1 45072U 20006AE  23336.51862214 -.00002696  00000+0 -16213-3 0  9992
2 45072  53.0553  24.4308 0001750 110.3726 249.7451 15.06404997211916
STARLINK-1170           
1 45073U 20006AF  23336.41172743  .00023452  00000+0  15861-2 0  9991
2 45073  53.0553  24.9009 0001615  70.1000 290.0163 15.06446076211898
STARLINK-1172           
1 45074U 20006AG  23336.46332276  .00042173  00000+0  28282-2 0  9998
2 45074  53.0542  24.6717 0001341 101.3495 258.7645 15.06466670211901
STARLINK-1174           
1 45075U 20006AH  23336.43015462  .00046412  00000+0  31085-2 0  9996
2 45075  53.0557  24.8239 0001683  89.8864 270.2318 15.06468812211904
STARLINK-1180           
1 45076U 20006AJ  23336.37021921 -.00001114  00000+0 -55843-4 0  9999
2 45076  53.0554  25.0750 0001648 102.5504 257.5669 15.06420873211898
STARLINK-1177           
1 45078U 20006AL  23336.52229648  .00013200  00000+0  90238-3 0  9997
2 45078  53.0546  24.4084 0001511  88.4634 271.6529 15.06441685211907
STARLINK-1149           
1 45079U 20006AM  23336.36654897  .00041108  00000+0  27567-2 0  9990
2 45079  53.0549  25.0922 0001818 110.5818 249.5366 15.06479362211883
STARLINK-1153           
1 45080U 20006AN  23336.44119858  .00005228  00000+0  36925-3 0  9996
2 45080  53.0561  24.7762 0001025  85.5719 274.5387 15.06438795211907
STARLINK-1151           
1 45081U 20006AP  23336.41814258  .00031425  00000+0  21162-2 0  9994
2 45081  53.0582  24.8662 0001556 122.3539 237.7601 15.06452642212256
STARLINK-1160           
1 45082U 20006AQ  23336.40708305  .00009866  00000+0  67960-3 0  9990
2 45082  53.0556  24.9162 0001524  71.9681 288.1474 15.06437057211896
STARLINK-1190           
1 45083U 20006AR  23336.50570143  .00041632  00000+0  27918-2 0  9994
2 45083  53.0552  44.4837 0001377 105.4152 254.6989 15.06473922211633
STARLINK-1173           
1 45084U 20006AS  23336.35460734  .00044126  00000+0  29573-2 0  9992
2 45084  53.0550   5.1602 0001583  91.3056 268.8115 15.06468219212172
STARLINK-1179           
1 45085U 20006AT  23336.35090745  .00043156  00000+0  28940-2 0  9993
2 45085  53.0547   5.1781 0001505  88.3773 271.7389 15.06456760212177
STARLINK-1185           
1 45087U 20006AV  23336.40250876  .00032220  00000+0  21691-2 0  9990
2 45087  53.0552   4.9481 0001112  92.5926 267.5191 15.06451003212180
STARLINK-1183           
1 45088U 20006AW  23336.49097168  .00030566  00000+0  20584-2 0  9994
2 45088  53.0553   4.5511 0001663  92.8814 267.2365 15.06465534212197
STARLINK-1136           
1 45089U 20006AX  23336.49835530  .00021096  00000+0  14305-2 0  9990
2 45089  53.0561   4.5986 0001488  77.0675 283.0480 15.06410386212209
STARLINK-1176           
1 45090U 20006AY  23336.40893461  .00034621  00000+0  23285-2 0  9995
2 45090  53.0540   4.9094 0001569  79.1500 280.9665 15.06451301212182
STARLINK-1137           
1 45092U 20006BA  23336.51676747  .00015085  00000+0  10283-2 0  9992
2 45092  53.0559   4.4307 0001406 106.0381 254.0763 15.06441887212542
STARLINK-1142           
1 45093U 20006BB  23336.51308679  .00015514  00000+0  10571-2 0  9996
2 45093  53.0551   4.4477 0001427 103.5343 256.5805 15.06435126212549
STARLINK-1146           
1 45094U 20006BC  23336.46054006  .00033275  00000+0  22389-2 0  9997
2 45094  53.0543   4.6749 0001277  86.0302 274.0833 15.06455337212191
STARLINK-1147           
1 45095U 20006BD  23336.36279222  .00031356  00000+0  22060-2 0  9990
2 45095  53.0557   5.4430 0001512  90.4812 269.6350 15.04821698212177
STARLINK-1152           
1 45096U 20006BE  23336.45779521  .00032975  00000+0  22195-2 0  9995
2 45096  53.0551   4.6966 0001267 102.2026 257.9105 15.06447039212187
STARLINK-1184           
1 45098U 20006BG  23336.37301892  .00036010  00000+0  24203-2 0  9996
2 45098  53.0552   5.0740 0001312  94.9431 265.1708 15.06457717212176
STARLINK-1186           
1 45099U 20006BH  23336.40619993  .00024406  00000+0  16499-2 0  9999
2 45099  53.0549   4.9337 0001699  65.5698 294.5468 15.06439740212186
STARLINK-1193           
1 45100U 20006BJ  23336.36933963  .00027278  00000+0  18408-2 0  9995
2 45100  53.0557   5.0941 0001661  84.9726 275.1453 15.06446744212177
STARLINK-1194           
1 45101U 20006BK  23336.49740325  .00034118  00000+0  22945-2 0  9990
2 45101  53.0554   4.5081 0001669  98.5398 261.5780 15.06461589212196
STARLINK-1195           
1 45102U 20006BL  23336.30986106  .00020496  00000+0  12898-3 0  9991
2 45102  53.0517 351.6971 0001604  93.2606 266.8597 15.76716186212358
STARLINK-1196           
1 45103U 20006BM  23336.24273094  .00250246  00000+0  79564-2 0  9990
2 45103  53.0732 340.8997 0006935  59.8638 300.3048 15.31084821212519
STARLINK-1138           
1 45178U 20012A   23336.80429657 -.00000120  00000+0  10861-4 0  9991
2 45178  53.0532 163.1359 0001528 115.1741 244.9407 15.06390631209408
STARLINK-1143           
1 45179U 20012B   23336.80702919  .00001192  00000+0  98917-4 0  9994
2 45179  53.0533 163.1214 0001528 100.5147 259.6014 15.06399284209408
STARLINK-1200           
1 45181U 20012D   23336.79323241  .00003239  00000+0  23615-3 0  9998
2 45181  53.0517 163.1918 0001370 109.5284 250.5853 15.06411889209407
STARLINK-1201           
1 45182U 20012E   23336.74713392 -.00001876  00000+0 -10708-3 0  9990
2 45182  53.0539 143.3908 0001880 148.8684 211.2417 15.06404094209687
STARLINK-1202           
1 45183U 20012F   23336.83009199  .00001423  00000+0  11441-3 0  9995
2 45183  53.0528 163.0249 0001253  90.2891 269.8242 15.06396577209419
STARLINK-1205           
1 45184U 20012G   23336.48913511  .00003762  00000+0  27134-3 0  9993
2 45184  53.0545 144.5531 0001573  96.0893 264.0275 15.06395834209326
STARLINK-1216           
1 45185U 20012H   23336.75636603  .00000169  00000+0  30276-4 0  9998
2 45185  53.0528 163.3514 0001419  89.8589 270.2562 15.06395812209402
STARLINK-1224           
1 45186U 20012J   23336.83746480  .00002742  00000+0  20289-3 0  9994
2 45186  53.0529 162.9938 0001477  90.4663 269.6495 15.06396395209419
STARLINK-1225           
1 45187U 20012K   23336.84114775  .00001471  00000+0  11766-3 0  9990
2 45187  53.0525 162.9735 0001484  91.5689 268.5469 15.06396133209160
STARLINK-1228           
1 45188U 20012L   23336.64112333  .00000586  00000+0  58228-4 0  9998
2 45188  53.0546 123.5525 0001080  86.7921 273.3191 15.06413261209608
STARLINK-1230           
1 45189U 20012M   23336.84483469  .00001984  00000+0  15208-3 0  9995
2 45189  53.0531 162.9603 0001478  74.9766 285.1386 15.06395908209125
STARLINK-1234           
1 45190U 20012N   23336.66421578  .00001008  00000+0  86580-4 0  9999
2 45190  53.0548 123.7697 0001376  86.7523 273.3623 15.06397915209619
STARLINK-1236           
1 45191U 20012P   23336.78586012  .00003395  00000+0  24672-3 0  9992
2 45191  53.0523 163.2245 0001365  86.5174 273.5971 15.06400409209407
STARLINK-1237           
1 45192U 20012Q   23335.83119170 -.00000412  00000+0 -87363-5 0  9992
2 45192  53.0536 167.5065 0001489 103.5500 256.5655 15.06407604208974
STARLINK-1239           
1 45193U 20012R   23336.81533593  .00000953  00000+0  82870-4 0  9996
2 45193  53.0520 163.0901 0001430  96.2405 263.8747 15.06413187209120
STARLINK-1240           
1 45194U 20012S   23336.75268587 -.00000224  00000+0  38556-5 0  9993
2 45194  53.0542 163.3735 0001419  78.7640 281.3508 15.06390991209112
STARLINK-1244           
1 45196U 20012U   23336.53521634  .00001545  00000+0  12262-3 0  9996
2 45196  53.0548 164.3525 0001606  82.7888 277.3284 15.06398890210063
STARLINK-1269           
1 45197U 20012V   23336.52415709  .00004157  00000+0  29781-3 0  9997
2 45197  53.0529 164.3991 0001304  86.8958 273.2180 15.06401570209987
STARLINK-1154           
1 45198U 20012W   23336.78032076  .00000609  00000+0  59774-4 0  9992
2 45198  53.0539 143.2482 0001309  94.0823 266.0315 15.06395218209393
STARLINK-1197           
1 45199U 20012X   23336.78398181  .00011257  00000+0  77232-3 0  9994
2 45199  53.0529 143.2325 0001091 110.8350 249.2756 15.06452887209397
STARLINK-1199           
1 45201U 20012Z   23336.79138401  .00001211  00000+0  10019-3 0  9995
2 45201  53.0535 143.1965 0001500  72.4921 287.6231 15.06396638209394
STARLINK-1206           
1 45204U 20012AC  23336.68449114  .00000632  00000+0  61324-4 0  9994
2 45204  53.0565 143.6831 0001862 120.8760 239.2412 15.06396398209383
STARLINK-1208           
1 45205U 20012AD  23336.77295323  .00001181  00000+0  98169-4 0  9993
2 45205  53.0548 143.2806 0001334  93.8844 266.2297 15.06398632209406
STARLINK-1209           
1 45206U 20012AE  23336.66790330  .00000092  00000+0  25097-4 0  9990
2 45206  53.0537 123.7513 0001351  77.0917 283.0223 15.06400320209647
STARLINK-1210           
1 45207U 20012AF  23336.72872522  .00001906  00000+0  14684-3 0  9996
2 45207  53.0534 143.4795 0001310  90.4667 269.6472 15.06395957209388
STARLINK-1211           
1 45208U 20012AG  23336.68626421  .01110889  72158-3  13582-2 0  9991
2 45208  52.9853  29.1480 0009163  27.1382  63.9204 16.07464519210896
STARLINK-1219           
1 45210U 20012AJ  23336.73241177  .00002366  00000+0  17767-3 0  9993
2 45210  53.0526 143.4550 0001497  80.9719 279.1440 15.06398130209387
STARLINK-1231           
1 45212U 20012AL  23336.63288338  .00000897  00000+0  79076-4 0  9993
2 45212  53.0530 143.9110 0001278  77.8851 282.2281 15.06401393209373
STARLINK-1232           
1 45213U 20012AM  23336.92324553  .00827969  37614-3  99407-3 0  9997
2 45213  53.0328 289.2800 0006272 125.8941 336.8597 16.07727590212420
STARLINK-1233           
1 45214U 20012AN  23336.73883173  .00002097  00000+0  15967-3 0  9996
2 45214  53.0531 143.4260 0001488  86.9956 273.1203 15.06398928209380
STARLINK-1245           
1 45215U 20012AP  23336.73609009  .00014053  00000+0  95921-3 0  9994
2 45215  53.0540 143.4430 0001882  71.0628 289.0565 15.06447265209385
STARLINK-1271           
1 45217U 20012AR  23336.51125235  .00001518  00000+0  12076-3 0  9998
2 45217  53.0549 144.4583 0001343 103.0423 257.0716 15.06396329210296
STARLINK-1187           
1 45219U 20012AT  23336.64210185  .00000723  00000+0  67446-4 0  9992
2 45219  53.0559 123.8780 0001536 103.2684 256.8477 15.06395853209643
STARLINK-1189           
1 45221U 20012AV  23336.71213326 -.00000821  00000+0 -36258-4 0  9991
2 45221  53.0542 123.5538 0001275  96.4914 263.6220 15.06402344209663
STARLINK-1191           
1 45222U 20012AW  23336.71950630  .00001264  00000+0  10373-3 0  9997
2 45222  53.0546 123.5185 0001204  93.7650 266.3476 15.06392844209661
STARLINK-1212           
1 45223U 20012AX  23336.73801726  .00001908  00000+0  14698-3 0  9990
2 45223  53.0539 124.0911 0001161  83.3358 276.7763 15.06398174209665
STARLINK-1215           
1 45225U 20012AZ  23336.69370126  .00000638  00000+0  61693-4 0  9999
2 45225  53.0546 123.6381 0001365 117.1900 242.9228 15.06398877209667
STARLINK-1217           
1 45226U 20012BA  23336.70107596  .00000830  00000+0  74608-4 0  9995
2 45226  53.0542 123.6033 0001434 103.8799 256.2349 15.06397726209634
STARLINK-1221           
1 45227U 20012BB  23336.72319337  .00002530  00000+0  18876-3 0  9999
2 45227  53.0537 123.5021 0001278  89.2325 270.8810 15.06387899209638
STARLINK-1222           
1 45228U 20012BC  23336.72688956  .00004452  00000+0  31758-3 0  9995
2 45228  53.0546 123.4891 0001207  77.9336 282.1788 15.06397951209664
STARLINK-1226           
1 45229U 20012BD  23336.69002136  .00002156  00000+0  16359-3 0  9991
2 45229  53.0537 123.6556 0001557  74.6080 285.5080 15.06401818209663
STARLINK-1227           
1 45230U 20012BE  23336.68631427 -.00014083  00000+0 -92843-3 0  9999
2 45230  53.0547 123.6740 0002606  33.5062 326.6092 15.06395210209669
STARLINK-1235           
1 45232U 20012BG  23336.66407849  .00009458  00000+0  57541-3 0  9992
2 45232  53.0546 122.0415 0004016 159.3433 200.7721 15.11072954209662
STARLINK-1238           
1 45233U 20012BH  23336.74346763  .00001912  00000+0  14714-3 0  9991
2 45233  53.0543 143.4139 0001436 119.6875 240.4257 15.06411878209382
STARLINK-1243           
1 45234U 20012BJ  23336.78217770  .00003940  00000+0  28323-3 0  9995
2 45234  53.0519 163.2371 0001396  86.0236 274.0912 15.06401525209140
STARLINK-1246           
1 45235U 20012BK  23336.83377562  .00001148  00000+0  95991-4 0  9992
2 45235  53.0521 163.0091 0001235  95.9399 264.1731 15.06394412209158
STARLINK-1247           
1 45236U 20012BL  23335.75379162  .00000830  00000+0  74619-4 0  9992
2 45236  53.0552 127.8581 0001485  84.2089 275.9069 15.06400335210450
STARLINK-1270           
1 45237U 20012BM  23336.63843512  .00001313  00000+0  10705-3 0  9998
2 45237  53.0532 123.8866 0001332  92.7303 267.3838 15.06386731209657
STARLINK-1279           
1 45360U 20019A   23336.19885331  .00002303  00000+0  17333-3 0  9992
2 45360  53.0550 255.8561 0001454 114.2590 245.8551 15.06425324205263
STARLINK-1301           
1 45361U 20019B   23336.18690061  .00038829  00000+0  26092-2 0  9999
2 45361  53.0536 265.9155 0001488  83.8310 276.2849 15.06429961205132
STARLINK-1306           
1 45362U 20019C   23336.16660958  .00009673  00000+0  66685-3 0  9998
2 45362  53.0557 286.0015 0001553 106.3967 253.7193 15.06431218204844
STARLINK-1313           
1 45364U 20019E   23335.95698366  .00022747  00000+0  94482-3 0  9993
2 45364  53.0249 232.0086 0004510  83.1543 276.9966 15.23745209205585
STARLINK-1262           
1 45366U 20019G   23336.15187362  .00058070  00000+0  38786-2 0  9999
2 45366  53.0555 286.0738 0001512 105.6007 254.5149 15.06464809204853
STARLINK-1273           
1 45367U 20019H   23336.24033098  .00042091  00000+0  28231-2 0  9996
2 45367  53.0559 285.6765 0001508 102.0963 258.0195 15.06461739204860
STARLINK-1276           
1 45368U 20019J   23336.14451531  .00043876  00000+0  29427-2 0  9992
2 45368  53.0556 286.1038 0001586 103.6893 256.4273 15.06443593204858
STARLINK-1277           
1 45369U 20019K   23336.14355966  .00028492  00000+0  19218-2 0  9992
2 45369  53.0546 286.1066 0001287 100.1876 259.9259 15.06442064204854